import snappy
from snappy.snap.t3mlite import Mcomplex


#from Petronio last census, from bottom to top




#ExampleLast
ograph_data = \
    """
   1    1    1    2
 0213 2103 1023 1230
   0    0    0    3
 0213 2103 1023 3120
   0    3    3    3
 3012 0132 0321 0213
   1    2    2    2
 3120 0132 0321 0213

    """.split()

gluing_data = []
for i in range(0, len(ograph_data), 8):
    tet_gluings = [int(t) for t in ograph_data[i:i+4]]
    perms = [[int(v) for v in perm] for perm in ograph_data[i+4:i+8]]
    gluing_data.append((tet_gluings, perms))

T = Mcomplex(gluing_data)
T.regina_triangulation()

Volume: 9.1344754117
Boundary: T^(1) T^(2) T^(1)






#Example2ndLast

   0    0    1    2
 1230 3012 3201 1230
   0    1    1    3
 2310 3201 2310 3120
   0    3    3    3
 3012 0132 0321 0213
   1    2    2    2
 3120 0132 0321 0213

Volume: 9.7749399255 
Boundary: T^(2) T^(1)






#Example3rdLast

   0    0    1    2
 1230 3012 2103 1230
   0    1    1    3
 2103 1230 3012 2310
   0    3    3    3
 3012 0132 0321 0213
   1    2    2    2
 3201 0132 0321 0213
 
Volume: 9.7749394573 
Boundary: T^(2) T^(1)
 
 
 
 


#Example4thLast

   1    1    1    2
 0213 2103 1023 1230
   0    0    0    3
 0213 2103 1023 1230
   0    3    3    3
 3012 2103 2031 1302
   1    2    2    2
 3012 2103 2031 1302

Volume: 9.7749394573 
Boundary: T^(1) T^(2) 






#Example5thLast

   0    0    1    2
 1230 3012 2103 1230
   0    1    1    3
 2103 3201 2310 1230
   0    3    3    3
 3012 0132 0321 0213
   1    2    2    2
 3012 0132 0321 0213






#Example6thLast

   0    0    1    2
 1230 3012 1302 1230
   0    1    1    3
 2031 1230 3012 3120
   0    3    3    3
 3012 0132 0321 0213
   1    2    2    2
 3120 0132 0321 0213






#Example7thLast

   1    1    1    2
 0213 2103 1023 1230
   0    0    0    3
 0213 2103 1023 1230
   0    3    3    3
 3012 2103 1230 3012
   1    2    2    2
 3012 2103 1230 3012






#Example8thLast

   0    0    1    2
 1230 3012 1302 1230
   0    1    1    3
 2031 3201 2310 3120
   0    3    3    3
 3012 0132 0321 0213
   1    2    2    2
 3120 0132 0321 0213







#Example9thLast

   0    0    1    2
 1230 3012 2103 1230
   0    1    1    3
 2103 1230 3012 1230
   0    3    3    3
 3012 0132 0321 0213
   1    2    2    2
 3012 0132 0321 0213
 
 
 
 
 
 
 #Example10thLast
 
    0    0    1    2
 1230 3012 1302 1230
   0    1    1    3
 2031 3201 2310 1230
   0    3    3    3
 3012 0132 0321 0213
   1    2    2    2
 3012 0132 0321 0213
 
 
 
 
 
 
 #Example11thLast

    0    0    1    2
 1230 3012 1302 1230
   0    1    1    3
 2031 1230 3012 1230
   0    3    3    3
 3012 0132 0321 0213
   1    2    2    2
 3012 0132 0321 0213

Volume: 9.4924679767  (2.5246108797, 2.8426456311, 2.0626057329, 2.0626057329)
Boundary: T^(2) T^(1)





#Example12thLast

   0    0    1    2
 1230 3012 3201 1230
   0    1    1    3
 2310 3201 2310 1230
   0    3    3    3
 3012 0132 0321 0213
   1    2    2    2
 3012 0132 0321 0213

Volume: 9.2854556585  (2.8244165992, 2.4095600065, 2.0257395264, 2.0257395264)
Boundary: T^(2) T^(1)






#Example13thLast

   0    0    1    2
 1230 3012 1302 1230
   0    1    1    3
 2031 1230 3012 2310
   0    3    3    3
 3012 0132 0321 0213
   1    2    2    2
 3201 0132 0321 0213

Volume: 9.2854556585  (2.8244165990, 2.4095600064, 2.0257395265, 2.0257395265)
Boundary: T^(2) T^(1) 







#Example14thLast

   1    1    2    3
 1230 2031 2103 2310
   0    0    2    3
 1302 3012 2310 2031
   0    1    3    3
 2103 3201 1230 1302
   0    1    2    2
 3201 1302 2031 3012

Volume: 9.1344754117  (2.2836188529, 2.2836188529, 2.2836188529, 2.2836188529)
Boundary: T^(1) T^(2)






#Example15thLast

   1    1    2    3
 1230 2031 2103 2310
   0    0    2    3
 1302 3012 2310 3201
   0    1    3    3
 2103 3201 1230 1302
   0    1    2    2
 3201 2310 2031 3012
 
Volume: 9.1344744577  (2.2836186144, 2.2836186144, 2.2836186144, 2.2836186144)
Boundary: T^(1) T^(2)






#Example16thLast

   0    0    1    2
 1230 3012 2103 1230
   0    1    1    3
 2103 3201 2310 3120
   0    3    3    3
 3012 0132 0321 0213
   1    2    2    2
 3120 0132 0321 0213
 
Volume: 8.6817371548  (2.6143188561, 2.6143188561, 1.7265497213, 1.7265497213)
The canonical decomposition consists of two pyramids, and is obtained from this
triangulation by merging together some tetrahedra.
Boundary: T^(2) T^(1)






#Example17thLast

   0    0    1    2
 1230 3012 2103 1230
   0    1    1    3
 2103 1230 3012 3120
   0    3    3    3
 3012 0132 0321 0213
   1    2    2    2
 3120 0132 0321 0213
 
 Volume: 8.6817371548  (2.6143188561, 2.6143188561, 1.7265497213, 1.7265497213)
The canonical decomposition consists of a two pyramids, and is obtained from this
triangulation by merging together some tetrahedra.
Boundary: T^(2) T^(1) 






#Example18thLast

   0    0    1    1
 1230 3012 2103 0321
   0    0    2    3
 2103 0321 2103 3120
   1    3    3    3
 2103 0132 0321 0213
   1    2    2    2
 3120 0132 0321 0213

Volume: 8.6707518039  (1.5179560783, 2.5789500207, 2.2869228525, 2.2869228525)
Boundary: T^(2) T^(1)






#Example19thLast

   0    0    1    1
 1230 3012 1302 2031
   0    0    2    3
 2031 1302 2103 3120
   1    3    3    3
 2103 0132 0321 0213
   1    2    2    2
 3120 0132 0321 0213
 
Volume: 8.4466552626  (1.1884298766, 2.6755909824, 2.2913172018, 2.2913172018)
Boundary: T^(2) T^(1)






#Example20thLast

   1    1    1    2
 0321 0132 3120 1230
   0    0    0    3
 0321 0132 3120 3120
   0    3    3    3
 3012 0132 0321 0213
   1    2    2    2
 3120 0132 0321 0213
  
Volume: 11.8126810191  (3.4591765866, 3.4591765866, 2.4471639230, 2.4471639230)
Boundary: T^(3) T^(1) 






#Example21stLast

   1    1    1    2
 0321 2103 3120 1230
   0    0    0    3
 0321 2103 3120 3120
   0    3    3    3
 3012 0132 0321 0213
   1    2    2    2
 3120 0132 0321 0213
   
Volume: 11.8126810072  (3.4591765861, 3.4591765861, 2.4471639175, 2.4471639175)
Boundary: T^(3) T^(1)






#Example22ndLast

   0    0    1    1
 1230 3012 1302 3201
   0    0    2    3
 2031 2310 2103 3120
   1    3    3    3
 2103 0132 0321 0213
   1    2    2    2
 3120 0132 0321 0213
   
Volume: 11.8126805424  (3.4591765798, 3.4591765798, 2.4471636914, 2.4471636914)
Boundary: T^(3) T^(1)






#Example23rdLast

   1    1    1    2
 0213 2103 1023 1230
   0    0    0    3
 0213 2103 1023 1230
   0    3    3    3
 3012 2103 2031 0132
   1    2    2    2
 3012 2103 0132 1302
   
Volume: 11.8126805424  (2.4471636914, 2.4471636914, 3.4591765798, 3.4591765798)
Boundary: T^(1) T^(3)























