% Link Projection
1
   0    0
57
  393   243
  290   390
  203   407
  198   350
  121   367
  146   312
   61   282
  108   211
  105   128
  227    62
  422    48
  420   169
  267   160
  289    13
  347    12
  266   254
  537   285
  588    20
  671    43
  677   111
  371   124
  384    23
  506    19
  701   144
  624   400
  558   443
  483   407
  423   439
  251   430
  238   377
  172   388
  166   340
   96   339
  117   269
   80   218
   75   103
  211    31
  439    34
  440   201
  241   180
  267     3
  358     1
  306   219
  525   240
  562     6
  709    21
  685   158
  343   142
  374     4
  528     6
  611    72
  656    89
  717   103
  724   396
  659   446
  557   402
  492   456
57
   1    0
   2    1
   3    2
   4    3
   5    4
   6    5
   7    6
   8    7
   9    8
  10    9
  11   10
  12   11
  13   12
  14   13
  15   14
  16   15
  17   16
  18   17
  19   18
  20   19
  21   20
  22   21
  23   22
  24   23
  25   24
  26   25
  27   26
  28   27
  29   28
  30   29
  31   30
  32   31
  33   32
  34   33
  35   34
  36   35
  37   36
  38   37
  39   38
  40   39
  41   40
  42   41
  43   42
  44   43
  45   44
  46   45
  47   46
  48   47
  49   48
  50   49
  51   50
  52   51
  53   52
  54   53
  55   54
  56   55
   0   56
43
  12    9
   9   14
  14   11
  15    0
  19   10
  16   19
   9   20
  22   16
   1   28
  29    2
   3   30
  31    4
   5   32
  33    6
  12   36
  36   14
  36   20
  19   37
  14   38
  39    9
  39   36
   9   41
  41   11
  36   41
  41   38
  43   19
  22   43
  46   10
  16   46
  46   37
  43   46
   9   47
  36   47
  49   16
  49   43
  18   51
  45   51
  54   24
  25   55
  56   15
  56   26
  45   22
  19   22
-1
